male = [174,182,170,181,175,180,180,162,180,170,173,177,169,173,183,170,180,178,177,170,203,175,183,179,170,186,178,180,175,180,180,182,178,170,175,172,175,187,175,178,174,178,174,184,174,170,178,174,179,188,183,170,178,185,177,180,182,186,178,178,182,187,173;75,67,55,75,59,75,65,65,140,62,80,76,75,63,105,40,70,65,73,62,105,68,73,82,57,80,72,70,56,70,60,82,83,63,64,65,65,88,72,70,65,55,55,80,87,77,80,71,72,70,92,60,65,75,80,64,68,100,78,64,60,72,70];
female = [170,164,171,160,163,173,160,160,164,160,170,167,161,163,166,167,161,160,171,161,165,173,162,155,168,165,155,165,160,174,165,162,155,167,180,168,162,158,164,172,158,154,165,165,165,166,168,174,169,160,162,170,165;54,58,59,44,63,52,45,54,54,51,60,52,56,48,50,63,54,40,60,50,55,54,62,50,55,60,50,50,66,66,50,60,40,56,60,56,48,48,50,59,55,40,45,54,52,63,54,55,57,45,46.5,63,52];
female_set = [161,160,163,169,160,161,160,167,170,162,170,164,160,164,166,174,158,158,169,160,165,162,171,158,160,158,164,158,160,165,170,160,156,163,160,163,161,160,160,160,169,160,155,160,173,160,155,160,168,160,162,157,166,162,160,163,164,162,155,173,168,163,155,155,163,155,167,164,161,160,156,163,166,168,160,163,157,163;46,56,50,54,48,57,50,53,60,50,53,51,47,58,57,56,48,50,56,57,53,55,55,47,54,47,48,52,46,49,55,50,45,50,60,55,47,47,47,48,48,47,60,60,64,67,55,50,48,45,52,54,55,43,53,48,46,44,48,54,53,57,48,40,46,41,55,55,45,60,49,50,47,57,50,47.5,50,51];
male_set = [178,173,185,165,173,178,173,175,170,170,170,170,176,178,174,175,175,178,175,175,182,169,173,170,178,178,170,173,168,168,170,175,172,175,173,180,166,173,183,174,176,186,170,170,178,168,175,171,170,170,168,175,175,180,172,180,173,171,175,174,172,178,173,165,168,174,170,168,178,181,179,176,180,176,172,175,165,178,181,171,172,170,165,185,177,170,176,178,182,170,180,179,173,178,173,180,171,178,184,180,176,169,170,176,187,176,185,178,172,180,186,167,174,170,183,173,180,183,178,178,168,171,170,173,173,173,175,181,180,175,178,190,178,168,172,181,185,186,169,178,178,176,174,178,176,180,175,182,172,170,168,174,178,177,174,175,172,193,174,178,174,179,189,176,172,174,171,178,177,174,186,172,175,175,177,170,175,173,179,173,170,170,174,173,178,171,165,189,173,167,169,170,176,176,175,174,173,173,178,179,182,165,186,162,163,186,178,180,170,174,173,174,177,163,177,175,169,178,173,183,170,169,183,162,178,178,168,173,179,179,170,172,175,178,179,171,180,175,170,185,175,173,172,177,182,172,177,175,175,173;84,67,100,65,70,62,64,62.5000000000000,55,51,50,58,68,80,64,60,70,63,64,82,68,58,60,62,68,85,70,65,52,77,70,64,69,70,70,80,58,60,77,65,62,75,58,65,60,75,70,65,70,65,66,68,66,65,70,66,67,65,67,62,63,95,65,62,50,66,65,70,75,58,60,71,68,65,57,60,60,66,58.3000000000000,53,63,54,53,73,60,55,69,62,63,80,100,57.5000000000000,65,73,55,71,64,69,64,80,70,65,60,72,78,75,65,75,61,85,88,50,75,60,80,65,55,65,80,65,64,68,60,60,60,70,60,70,67,65,73,85,74,63,63,67,76,74,60,90,70,58,68,60,72,65,65,60,65,65,53,65,68,68,62,65,82,90,78,65,55,70,78,62,82,85,55,66,65,70,72,50,60,75,70,75,60,75,85,100,77,55,68,125,63,55,55,74,65,62,52,60,72,65,66,54,65,63,65,67,65,65,78,50,55,75,90,67.5,65,80,84,66,59.5,52,64,70,56,60,55,73,62,73,60,56.5000000000000,68,65,56,56,63,80,75,69,70,65,74,75,60,60,58,68.5,64,60,70,65,72,70,58,60,68,63];

ourdata = [174,182,170,181,175,180,180,162,180,170,173,177,169,173,183,170,180,178,177,170,203,175,183,179,170,186,178,180,175,180,180,182,178,170,175,172,175,187,175,178,174,178,174,184,174,170,178,174,179,188,183,170,178,185,177,180,182,186,178,178,182,187,173,170,164,171,160,163,173,160,160,164,160,170,167,161,163,166,167,161,160,171,161,165,173,162,155,168,165,155,165,160,174,165,162,155,167,180,168,162,158,164,172,158,154,165,165,165,166,168,174,169,160,162,170,165;75,67,55,75,59,75,65,65,140,62,80,76,75,63,105,40,70,65,73,62,105,68,73,82,57,80,72,70,56,70,60,82,83,63,64,65,65,88,72,70,65,55,55,80,87,77,80,71,72,70,92,60,65,75,80,64,68,100,78,64,60,72,70,54,58,59,44,63,52,45,54,54,51,60,52,56,48,50,63,54,40,60,50,55,54,62,50,55,60,50,50,66,66,50,60,40,56,60,56,48,48,50,59,55,40,45,54,52,63,54,55,57,45,46.5,63,52];
ourdata_sex = [0,0,0,0,0,0,0,0,0,0,0,0,0,0,0,0,0,0,0,0,0,0,0,0,0,0,0,0,0,0,0,0,0,0,0,0,0,0,0,0,0,0,0,0,0,0,0,0,0,0,0,0,0,1,1,1,1,1,1,1,1,1,1,1,1,1,1,1,1,1,1,1,1,1,1,1,1,1,1,1,1,1,1,1,1,1,1,1,1,1,1,1,1,1,1,1,1,1,1,1,1,1,1,1,1,1,1,1,1,1,1,1,1,1,1,1]
dataset = [161,160,163,169,160,161,160,167,170,162,170,164,160,164,166,174,158,158,169,160,165,162,171,158,160,158,164,158,160,165,170,160,156,163,160,163,161,160,160,160,169,160,155,160,173,160,155,160,168,160,162,157,166,162,160,163,164,162,155,173,168,163,155,155,163,155,167,164,161,160,156,163,166,168,160,163,157,163,178,173,185,165,173,178,173,175,170,170,170,170,176,178,174,175,175,178,175,175,182,169,173,170,178,178,170,173,168,168,170,175,172,175,173,180,166,173,183,174,176,186,170,170,178,168,175,171,170,170,168,175,175,180,172,180,173,171,175,174,172,178,173,165,168,174,170,168,178,181,179,176,180,176,172,175,165,178,181,171,172,170,165,185,177,170,176,178,182,170,180,179,173,178,173,180,171,178,184,180,176,169,170,176,187,176,185,178,172,180,186,167,174,170,183,173,180,183,178,178,168,171,170,173,173,173,175,181,180,175,178,190,178,168,172,181,185,186,169,178,178,176,174,178,176,180,175,182,172,170,168,174,178,177,174,175,172,193,174,178,174,179,189,176,172,174,171,178,177,174,186,172,175,175,177,170,175,173,179,173,170,170,174,173,178,171,165,189,173,167,169,170,176,176,175,174,173,173,178,179,182,165,186,162,163,186,178,180,170,174,173,174,177,163,177,175,169,178,173,183,170,169,183,162,178,178,168,173,179,179,170,172,175,178,179,171,180,175,170,185,175,173,172,177,182,172,177,175,175,173;46,56,50,54,48,57,50,53,60,50,53,51,47,58,57,56,48,50,56,57,53,55,55,47,54,47,48,52,46,49,55,50,45,50,60,55,47,47,47,48,48,47,60,60,64,67,55,50,48,45,52,54,55,43,53,48,46,44,48,54,53,57,48,40,46,41,55,55,45,60,49,50,47,57,50,47.5000000000000,50,51,84,67,100,65,70,62,64,62.5000000000000,55,51,50,58,68,80,64,60,70,63,64,82,68,58,60,62,68,85,70,65,52,77,70,64,69,70,70,80,58,60,77,65,62,75,58,65,60,75,70,65,70,65,66,68,66,65,70,66,67,65,67,62,63,95,65,62,50,66,65,70,75,58,60,71,68,65,57,60,60,66,58.3,53,63,54,53,73,60,55,69,62,63,80,100,57.5000000000000,65,73,55,71,64,69,64,80,70,65,60,72,78,75,65,75,61,85,88,50,75,60,80,65,55,65,80,65,64,68,60,60,60,70,60,70,67,65,73,85,74,63,63,67,76,74,60,90,70,58,68,60,72,65,65,60,65,65,53,65,68,68,62,65,82,90,78,65,55,70,78,62,82,85,55,66,65,70,72,50,60,75,70,75,60,75,85,100,77,55,68,125,63,55,55,74,65,62,52,60,72,65,66,54,65,63,65,67,65,65,78,50,55,75,90,67.5000000000000,65,80,84,66,59.5000000000000,52,64,70,56,60,55,73,62,73,60,56.5,68,65,56,56,63,80,75,69,70,65,74,75,60,60,58,68.5,64,60,70,65,72,70,58,60,68,63];


